Multiple size <= 100
TEST 1 ARG:34 74 64 88 95 26 24 62 48 17 83 63 82 36 68 85 97 70 15 40 37 98 42 14 21 3 5 93 25 67 79 73 4 86 13 61 1 49 72 87 20 94 22 50 71 58 96 84 29 33 60 39 9 0 56 6 18 69 8 78 35 81 53 89 57 91 7 27 92 10 30 11 44 80 45 2 46 31 76 65 66 99 90 23 43 55 75 16 19 54 59 12 32 41 52 28 47 77 38 51
TEST 2 ARG:50 97 4 29 49 42 52 56 23 79 58 69 2 83 14 54 57 75 35 66 34 70 63 92 10 72 25 3 93 90 99 43 20 24 82 94 65 7 21 88 46 62 68 15 6 5 80 60 55 89 39 12 28 37 96 18 26 33 17 9 16 71 30 78 19 85 59 47 86 48 53 81 22 31 1 64 27 36 98 74 41 73 76 51 13 0 45 38 40 32 95 84 87 61 67 8 77 44 91 11
TEST 3 ARG:35 28 92 6 69 22 2 53 58 4 43 55 81 99 95 85 31 38 21 13 67 84 1 77 23 80 59 87 25 41 78 42 83 56 63 54 12 8 30 66 20 36 37 3 93 94 10 91 51 88 44 79 68 75 15 71 45 61 50 82 52 39 70 73 48 86 16 72 74 40 9 97 57 17 90 65 11 96 89 18 0 60 49 27 32 62 64 34 24 7 5 98 47 14 29 76 19 26 33 46
TEST 4 ARG:67 16 29 57 48 36 37 7 17 2 39 9 46 68 32 50 13 92 25 84 45 81 61 94 53 59 0 8 51 40 99 20 62 93 75 63 80 24 56 3 97 71 74 52 95 55 64 30 96 44 21 26 43 33 73 60 22 47 79 66 49 15 35 1 5 69 85 27 70 72 11 87 14 41 19 34 10 76 89 4 23 86 58 38 83 98 77 82 65 91 18 54 88 78 31 90 6 42 12 28
TEST 5 ARG:22 16 78 62 29 33 47 80 59 14 10 55 87 37 6 60 51 49 18 53 12 89 21 31 84 23 91 41 73 74 38 57 32 28 70 66 43 93 40 58 61 96 45 25 34 15 1 11 56 9 27 46 17 92 86 72 39 13 76 64 26 81 85 35 88 65 8 0 42 20 75 94 71 68 3 97 4 52 48 98 90 24 79 83 54 67 36 30 69 44 82 7 63 95 19 5 50 2 99 77
TEST 6 ARG:95 97 49 98 84 73 52 27 39 15 66 76 9 86 91 31 30 58 90 54 78 53 82 63 42 47 67 96 40 5 33 65 94 83 6 28 20 89 79 32 68 24 72 44 38 25 80 50 64 87 43 60 21 99 51 11 92 55 45 46 75 12 23 19 8 16 3 1 37 10 93 35 71 69 18 56 70 2 61 36 41 77 26 22 74 7 17 34 0 81 29 48 62 85 59 4 13 88 14 57
TEST 7 ARG:25 41 57 90 82 70 22 16 18 74 62 79 78 49 30 48 12 68 50 58 11 21 20 44 8 6 60 87 56 43 46 88 99 19 83 97 2 45 3 32 23 36 17 55 51 1 98 42 10 59 75 80 94 24 52 28 35 37 4 54 81 27 84 5 15 86 26 33 92 67 93 38 14 77 63 72 89 39 47 65 29 7 71 13 64 85 66 76 40 95 53 31 91 61 9 0 96 69 34 73
TEST 8 ARG:94 96 31 0 56 61 9 7 48 21 51 72 2 83 53 55 67 17 1 73 52 60 4 24 75 34 85 46 14 89 20 58 99 95 25 18 27 93 65 40 70 8 86 90 47 12 81 19 97 84 33 71 3 29 10 98 91 80 50 77 13 35 41 38 68 76 22 28 6 15 57 39 87 5 49 69 26 66 36 37 32 11 59 82 79 16 63 44 43 88 23 74 78 30 92 45 54 42 62 64
TEST 9 ARG:73 53 59 57 35 86 85 52 54 83 62 31 48 96 90 93 17 19 60 4 10 39 9 38 88 26 79 76 37 64 65 21 7 2 80 36 74 41 81 69 16 18 58 75 51 66 82 68 50 70 5 63 3 32 29 12 20 67 42 84 56 14 49 40 8 11 30 72 47 43 45 92 1 77 6 13 34 28 22 87 78 97 91 46 15 94 61 27 24 71 23 33 99 98 25 89 55 0 44 95
TEST 10 ARG:73 93 86 80 84 34 42 4 62 60 11 77 23 70 10 56 72 20 33 75 45 24 17 97 19 65 41 89 31 39 64 51 21 0 2 71 96 30 69 36 66 68 49 87 98 26 55 88 74 22 15 32 35 95 40 92 85 13 67 99 53 14 63 43 44 81 27 94 76 52 25 12 57 90 7 61 5 91 83 48 8 1 6 82 3 29 9 18 16 46 37 79 54 28 78 58 47 38 50 59
TEST 11 ARG:79 2 47 57 93 17 15 48 59 73 1 76 9 94 56 4 34 78 31 32 46 43 28 8 63 67 24 62 88 38 49 81 54 80 60 84 82 14 89 21 5 10 16 50 19 40 27 52 58 99 65 25 61 87 6 39 51 74 91 42 22 36 95 85 69 7 96 23 37 97 68 18 20 44 11 29 83 41 86 72 45 0 26 55 98 70 33 71 53 13 12 77 66 64 92 30 35 90 3 75
TEST 12 ARG:82 33 61 92 48 54 46 73 51 37 91 90 75 25 6 2 69 55 60 93 62 29 31 78 8 68 95 74 35 86 15 72 71 77 21 12 10 80 40 97 19 98 27 89 63 96 59 57 14 43 64 87 53 30 47 76 67 70 7 22 42 18 88 0 4 79 23 13 44 28 49 52 66 16 34 39 3 11 20 26 9 5 99 58 41 81 84 50 38 24 36 85 56 17 32 65 94 45 83 1
TEST 13 ARG:4 11 98 71 40 91 50 77 30 96 21 8 56 24 53 2 47 94 99 6 52 95 78 35 82 48 33 44 14 19 5 88 17 49 51 32 46 87 55 74 75 69 22 92 81 7 54 70 41 79 36 12 93 23 10 25 42 62 27 89 16 3 66 86 90 72 97 0 37 9 64 73 83 29 57 39 65 60 31 34 67 58 38 43 45 26 13 1 76 85 59 63 28 80 68 61 20 84 15 18
TEST 14 ARG:54 8 81 82 69 75 70 21 0 63 68 59 42 60 14 22 7 11 51 27 87 80 78 31 57 89 55 50 45 34 76 84 46 29 41 17 6 10 47 99 33 15 13 9 93 32 24 74 25 61 98 26 2 94 96 85 91 56 38 23 73 48 72 97 67 95 1 79 86 90 19 35 64 44 28 62 16 18 4 37 66 39 43 20 88 36 53 49 58 5 83 12 77 40 52 92 3 65 71 30
TEST 15 ARG:78 34 36 82 94 10 93 9 64 20 52 16 48 7 43 27 95 71 0 84 76 40 5 37 61 23 44 53 85 39 18 80 47 41 50 28 42 19 99 87 97 83 29 75 13 62 24 81 30 69 11 31 32 51 66 49 22 45 15 79 17 38 25 74 68 58 2 56 35 33 46 65 59 55 8 60 91 57 54 77 73 21 89 70 90 14 3 12 63 26 88 86 72 67 6 96 4 92 98 1
TEST 16 ARG:92 10 19 26 56 50 77 49 86 48 68 91 8 85 99 89 54 55 66 87 24 14 97 11 40 94 61 12 67 60 80 44 81 41 33 72 17 90 43 79 46 5 29 31 9 21 98 18 74 20 45 28 52 1 47 58 73 22 76 64 51 37 3 0 65 71 6 4 27 15 23 95 53 32 35 16 83 7 75 82 25 36 30 96 93 84 78 2 69 70 34 59 13 38 57 62 88 63 39 42
TEST 17 ARG:73 55 47 34 6 26 80 28 77 5 37 99 25 7 44 97 43 22 19 74 84 42 88 64 53 50 24 13 59 14 9 91 65 20 11 21 75 52 40 89 60 54 23 4 2 49 29 92 94 32 41 3 56 57 69 83 96 18 61 66 76 33 78 17 87 35 62 16 93 12 81 82 70 1 72 68 90 8 51 71 85 86 15 10 58 48 31 67 46 36 39 30 0 63 38 27 98 79 45 95
TEST 18 ARG:27 1 36 4 51 82 83 47 9 94 71 88 18 6 59 2 76 54 65 84 45 11 15 39 50 23 22 70 78 8 85 29 30 73 32 64 80 26 38 52 95 28 16 7 61 72 31 55 5 99 35 3 34 68 75 37 17 46 14 77 66 40 43 49 89 87 0 90 58 79 53 93 86 92 81 25 24 48 42 41 69 67 13 62 60 20 44 33 10 74 12 57 19 21 91 96 97 98 63 56
TEST 19 ARG:52 28 64 92 31 61 66 3 42 84 4 14 35 33 53 10 11 0 39 34 90 2 79 47 24 40 88 16 62 59 32 91 65 49 89 68 71 15 85 25 77 78 56 26 8 74 50 75 21 38 51 43 87 36 22 19 44 41 63 99 60 13 7 6 94 46 27 48 73 45 76 70 20 72 95 82 29 57 58 23 18 69 86 12 98 93 96 17 37 5 9 81 30 55 97 80 83 67 1 54
TEST 20 ARG:90 28 25 18 82 64 89 67 22 37 50 63 2 12 15 10 85 61 86 60 33 19 43 66 65 79 27 52 78 14 41 94 34 9 24 81 1 46 49 73 59 42 3 44 40 77 38 95 5 91 83 47 16 62 88 48 68 80 87 84 98 74 51 0 55 69 35 11 31 17 58 97 45 99 32 70 57 92 75 76 4 93 26 8 7 30 39 71 6 36 96 53 72 29 13 54 21 20 56 23
TEST 21 ARG:32 16 87 83 62 93 24 6 95 19 99 91 97 51 85 58 22 42 34 54 4 69 35 29 8 21 11 59 43 64 1 89 75 20 38 13 98 15 55 44 88 26 50 72 84 33 17 52 96 63 12 86 53 65 5 2 36 71 7 14 82 60 94 76 80 66 10 57 27 81 74 70 45 90 77 61 92 48 56 23 73 68 30 37 79 67 9 49 25 40 28 0 46 3 41 47 39 31 78 18
TEST 22 ARG:58 30 67 64 94 14 65 36 18 76 66 61 59 7 88 6 17 75 31 26 95 16 60 40 8 51 97 73 1 48 57 13 34 81 19 69 32 78 46 90 98 92 72 80 12 52 96 74 99 55 93 33 56 77 79 11 23 71 3 87 28 24 63 15 49 84 68 44 50 27 85 86 91 35 2 20 5 39 47 38 10 9 45 25 83 53 54 22 4 62 82 43 37 0 21 42 89 29 70 41
TEST 23 ARG:90 77 50 48 1 60 97 33 7 85 69 23 81 83 43 99 24 31 86 8 87 91 25 93 34 27 13 62 41 26 21 29 73 65 80 68 79 67 39 61 76 18 98 89 40 49 84 66 3 56 42 5 52 45 9 57 64 96 38 88 28 71 16 12 94 74 22 10 59 37 14 53 95 4 75 47 17 82 63 92 35 72 19 44 51 15 78 70 30 2 58 36 20 32 0 11 46 6 54 55
TEST 24 ARG:64 80 47 73 53 57 68 55 19 91 93 29 22 0 18 13 92 98 50 40 3 96 60 16 76 86 56 95 26 41 7 69 11 67 38 2 42 43 82 14 54 52 81 77 36 25 62 58 24 34 99 87 46 71 17 20 72 59 5 84 35 94 83 44 70 8 6 27 23 21 89 30 75 10 63 79 12 28 65 85 66 37 32 45 31 74 1 90 61 78 51 15 49 48 9 97 88 4 33 39
TEST 25 ARG:53 15 64 66 26 36 68 7 69 63 13 87 44 86 23 79 62 55 82 94 5 93 78 60 2 85 11 32 58 8 65 47 39 27 72 40 92 49 33 16 4 38 96 34 61 28 88 54 50 91 18 84 42 71 67 35 56 0 48 31 30 90 75 29 45 14 19 99 81 6 37 95 77 41 3 24 51 73 1 57 83 70 76 80 9 25 46 43 10 52 17 21 20 74 98 12 22 59 97 89
TEST 26 ARG:11 38 66 95 97 63 55 27 68 33 99 85 17 50 32 28 5 30 19 78 64 26 41 45 31 74 37 91 67 53 49 12 47 71 8 54 48 79 82 75 92 89 39 93 73 14 15 86 58 10 24 65 77 62 0 52 81 34 21 70 61 42 36 44 22 57 69 87 60 4 25 46 94 96 2 35 43 88 84 98 7 80 18 90 20 23 56 9 72 29 59 6 1 3 76 51 13 40 16 83
TEST 27 ARG:90 26 40 46 38 5 17 66 65 71 70 20 95 88 85 77 69 16 81 34 54 74 47 41 44 92 93 8 62 28 12 9 86 33 43 22 61 68 87 3 55 1 11 24 52 42 37 39 56 32 2 73 79 4 21 82 30 48 19 27 67 64 72 89 84 60 53 78 63 10 49 14 23 0 13 35 76 59 96 45 29 51 91 98 99 83 94 25 6 18 50 7 80 58 57 31 36 75 15 97
TEST 28 ARG:31 32 28 67 83 78 43 44 69 5 27 55 38 48 42 6 11 84 52 12 4 91 14 96 85 46 36 50 49 9 26 82 86 22 47 75 59 21 16 97 58 54 56 34 51 64 29 7 23 77 24 93 73 63 62 15 41 80 40 92 35 79 33 98 87 65 3 37 45 57 8 68 0 2 81 90 25 89 66 72 60 53 19 95 18 71 70 61 20 1 76 13 99 17 88 94 74 39 30 10
TEST 29 ARG:71 83 65 1 64 91 72 6 28 13 62 54 34 93 96 27 11 79 61 67 26 18 68 43 14 15 98 84 30 73 9 24 58 99 49 25 50 21 4 7 2 47 57 44 85 92 38 51 75 81 77 23 40 37 5 76 55 12 53 8 94 48 74 33 29 36 39 32 42 46 89 60 22 90 82 20 63 41 52 87 59 35 95 97 88 31 0 16 56 66 69 78 80 19 17 86 45 3 70 10
TEST 30 ARG:44 72 50 10 88 2 27 25 6 40 39 83 91 22 1 28 56 11 73 65 99 86 77 53 47 49 74 69 89 67 3 15 0 79 81 34 82 54 17 66 26 95 96 61 9 18 19 32 51 23 60 41 4 33 37 94 48 76 93 30 52 5 57 45 85 8 80 20 62 64 58 7 42 97 55 90 92 70 24 35 87 46 29 36 38 13 78 14 68 12 16 63 75 98 43 21 84 31 71 59
TEST 31 ARG:47 46 84 49 79 42 34 11 60 61 82 44 26 10 38 87 30 53 12 8 0 85 4 68 17 20 96 52 72 14 7 66 80 37 97 31 1 78 5 81 73 83 45 95 69 63 15 13 54 89 27 51 62 74 24 93 22 58 91 29 57 35 43 21 33 55 39 88 40 9 76 65 56 64 94 71 75 77 70 50 19 16 6 59 25 98 2 67 90 36 86 23 92 28 99 48 32 3 18 41
TEST 32 ARG:22 62 89 50 70 72 61 1 44 9 24 11 41 96 82 0 68 32 17 54 12 85 63 38 74 67 98 93 42 16 65 18 49 29 56 45 87 84 79 4 15 26 81 77 23 35 14 28 40 60 21 13 3 48 73 58 75 86 92 91 94 95 7 34 66 97 10 64 69 19 53 90 55 51 59 80 8 39 78 57 76 6 2 52 5 25 31 36 27 46 47 20 88 37 83 30 33 99 71 43
TEST 33 ARG:30 2 72 40 54 0 50 20 19 91 93 5 64 4 96 59 33 49 12 56 23 83 62 35 55 90 98 61 63 81 71 46 43 85 66 32 22 18 82 78 76 84 92 8 17 37 70 60 68 1 94 15 52 3 53 38 87 41 27 36 26 34 28 65 80 99 57 9 69 74 14 44 47 42 79 31 25 39 13 29 67 10 7 48 77 95 97 16 86 75 24 89 6 58 73 45 21 11 88 51
TEST 34 ARG:10 9 18 36 85 71 42 81 70 4 7 37 62 28 17 2 55 39 13 30 46 16 96 83 61 45 66 75 90 24 6 25 97 35 48 49 31 53 47 56 34 69 78 93 26 3 8 19 77 1 14 91 20 38 84 11 82 57 51 98 0 89 94 52 86 22 99 64 92 23 33 15 54 63 74 95 60 29 88 5 21 59 43 41 87 65 72 58 73 76 80 50 67 44 68 27 79 12 32 40
TEST 35 ARG:89 66 77 12 67 91 2 55 48 28 58 53 49 3 38 7 79 31 27 37 23 8 51 33 20 47 15 26 83 73 41 52 29 99 93 63 36 9 92 90 97 13 61 24 46 57 54 68 1 6 17 32 42 5 30 72 75 95 4 84 86 50 45 98 82 69 85 60 40 74 34 76 65 11 35 87 56 64 81 80 21 19 71 16 78 44 88 14 18 22 25 70 59 43 39 94 96 10 0 62
TEST 36 ARG:24 40 68 55 83 97 37 66 76 51 27 48 13 21 78 73 2 42 23 69 6 80 81 75 56 71 28 3 11 29 14 93 52 18 45 86 41 32 20 38 89 96 94 19 59 46 65 7 62 72 87 64 44 61 84 63 22 31 82 79 54 0 15 74 4 88 26 8 90 92 98 58 25 39 5 17 9 10 30 67 49 34 53 85 43 35 33 57 95 50 70 36 16 77 47 91 99 60 12 1
TEST 37 ARG:66 63 19 7 53 67 36 54 84 15 71 78 13 5 14 22 83 20 21 61 48 12 8 35 50 58 73 99 93 74 52 98 28 17 82 32 16 24 2 51 27 18 46 34 59 44 0 91 70 26 65 56 62 31 68 96 39 49 30 80 3 94 57 33 72 11 55 79 1 42 76 95 81 75 10 60 25 92 97 6 85 41 86 38 37 64 88 43 69 29 23 40 9 90 47 45 89 87 77 4
TEST 38 ARG:53 12 76 91 30 27 87 58 29 81 90 63 75 11 36 25 10 59 17 1 96 84 14 38 18 70 95 68 16 41 20 98 61 42 93 47 39 57 82 50 52 77 46 24 79 32 45 74 23 31 5 92 83 15 43 73 66 13 97 64 28 19 44 33 80 7 51 71 99 67 4 85 2 35 9 6 3 62 26 69 86 56 72 55 34 94 49 65 54 40 37 88 0 21 22 48 89 78 60 8
TEST 39 ARG:36 75 40 26 19 70 93 46 52 15 79 35 64 31 63 32 92 99 55 98 28 1 4 22 12 16 34 25 30 69 18 14 6 82 89 59 49 81 73 76 66 41 24 65 67 97 37 2 23 39 45 57 96 74 27 20 71 44 77 13 68 72 48 61 54 42 87 11 88 38 5 33 78 29 90 85 53 10 7 51 8 84 43 86 9 83 47 56 58 80 21 94 62 3 91 95 50 17 60 0
TEST 40 ARG:48 29 44 76 53 64 89 27 58 1 65 88 62 38 83 93 47 78 82 42 57 86 72 9 69 70 12 98 30 20 81 87 19 73 2 46 5 35 8 63 66 31 41 45 4 28 55 10 43 71 94 52 79 67 17 77 91 80 11 34 39 68 18 24 50 21 3 6 95 84 75 22 60 14 92 7 16 59 56 85 51 33 23 36 32 96 25 54 61 74 90 26 0 40 37 99 49 97 13 15
TEST 41 ARG:33 11 94 45 50 0 93 27 63 40 98 73 24 97 68 69 36 81 46 58 20 83 12 51 65 85 55 10 35 84 3 8 70 92 56 16 18 77 96 39 57 61 15 95 32 44 52 90 21 66 71 89 7 64 25 87 78 37 43 2 17 9 82 62 1 4 13 34 76 14 72 22 42 28 60 91 48 38 67 54 59 79 75 6 53 19 86 30 74 26 88 99 5 23 80 49 41 31 29 47
TEST 42 ARG:8 18 28 16 41 88 64 87 48 38 7 77 69 78 25 85 90 81 76 52 63 61 94 31 89 98 20 59 39 36 14 1 51 57 26 27 37 24 65 84 58 47 68 12 67 80 34 50 30 0 32 19 62 10 72 71 70 97 82 43 91 23 95 96 6 29 79 2 60 44 49 46 15 92 93 56 74 45 17 75 40 11 4 42 83 86 21 99 33 53 13 66 9 5 22 73 3 35 54 55
TEST 43 ARG:68 82 77 38 88 64 17 15 67 34 70 41 7 50 26 10 94 73 44 95 52 46 22 76 28 16 43 98 78 84 69 66 60 37 79 90 54 91 83 93 99 14 85 87 63 59 75 3 29 42 39 31 1 21 25 33 61 0 97 80 20 96 62 18 74 5 2 65 92 27 35 8 30 72 45 12 51 89 58 24 23 56 57 13 48 53 47 36 9 6 32 40 49 19 81 11 71 55 86 4
TEST 44 ARG:50 59 37 80 52 46 0 76 68 22 78 21 8 92 15 90 33 44 5 39 43 77 2 70 66 6 75 64 71 60 16 63 88 89 38 69 47 18 87 56 51 67 48 74 25 96 54 98 91 27 53 26 84 79 62 93 36 34 41 83 86 11 58 19 12 94 49 72 35 17 73 31 4 20 95 10 29 9 81 3 57 40 23 28 85 1 55 97 13 99 32 30 82 61 45 7 65 14 42 24
TEST 45 ARG:44 64 6 2 25 82 27 71 83 52 92 88 7 26 78 59 41 38 86 23 80 51 5 58 62 13 42 69 15 50 79 93 46 1 91 45 77 63 55 39 31 43 84 37 18 67 65 24 16 10 32 11 99 0 97 33 89 17 60 14 98 75 35 95 36 85 56 21 29 4 53 74 87 28 3 90 66 47 72 94 48 96 40 9 49 68 70 54 34 19 76 12 57 73 22 30 8 20 61 81
TEST 46 ARG:3 26 8 57 82 25 96 42 20 85 7 67 54 90 43 80 49 95 55 62 4 28 56 53 86 1 30 0 24 88 72 31 17 51 59 97 61 34 92 77 60 32 37 70 29 99 64 48 98 9 44 41 74 84 10 38 6 73 16 15 63 78 87 45 68 71 50 81 46 91 52 23 21 12 47 35 66 89 19 11 79 27 75 14 69 22 76 94 65 40 18 39 36 13 2 5 93 33 83 58
TEST 47 ARG:95 68 12 19 72 26 47 65 8 50 27 60 43 66 13 35 80 22 24 75 99 83 82 21 3 52 45 6 15 62 40 57 92 89 48 54 78 51 25 32 71 97 18 61 87 63 73 4 55 56 90 93 5 49 42 96 11 37 0 36 64 44 28 86 53 98 23 14 20 46 85 1 31 29 94 16 41 67 84 34 59 2 77 70 17 39 9 30 69 33 88 74 38 81 10 7 58 91 79 76
TEST 48 ARG:0 71 58 27 66 1 42 63 35 32 50 3 37 62 68 65 44 7 40 64 86 78 6 96 31 5 17 55 97 67 4 9 90 89 85 91 16 51 59 19 70 39 45 53 52 72 2 41 26 33 20 77 38 13 21 34 36 87 48 57 74 28 8 98 81 29 15 60 24 83 56 84 99 75 49 11 47 73 76 79 43 82 25 46 30 94 95 54 14 61 10 18 92 93 22 88 80 69 12 23
TEST 49 ARG:52 18 24 88 84 51 49 22 89 36 32 8 1 68 13 56 54 4 87 79 81 19 42 98 26 45 30 20 80 91 35 65 94 71 86 55 46 70 75 57 83 33 21 47 5 48 61 31 34 63 28 69 0 3 9 99 15 59 97 17 77 73 12 96 38 64 2 43 50 6 53 82 60 92 78 90 16 72 44 67 95 29 39 7 40 11 27 74 41 23 93 66 62 10 37 85 76 14 25 58
TEST 50 ARG:86 21 31 2 33 80 85 79 78 94 7 96 62 14 52 45 4 55 81 53 71 22 11 72 88 25 66 46 93 50 3 24 39 27 32 67 20 49 61 8 47 70 5 58 0 51 13 30 59 64 73 34 23 97 63 36 95 91 1 26 56 42 16 90 68 18 75 17 35 82 69 37 44 48 74 41 60 28 84 15 40 6 87 19 92 83 98 65 29 57 54 38 89 77 76 10 9 43 99 12
TEST 51 ARG:53 35 46 13 41 2 44 25 38 59 24 3 60 80 15 16 31 67 78 56 99 66 9 23 76 96 18 0 26 68 19 49 65 55 52 73 27 45 57 36 34 61 83 6 12 17 86 91 94 28 81 42 33 79 88 87 74 72 7 20 82 50 62 37 8 21 29 98 40 85 22 92 75 48 47 1 32 70 14 89 84 90 11 51 58 10 4 77 95 63 64 69 5 43 93 71 39 30 97 54
TEST 52 ARG:40 24 25 39 43 64 20 31 70 38 68 77 97 0 37 57 82 14 90 26 80 18 58 3 65 9 85 46 54 42 47 12 89 30 52 48 99 8 34 92 94 11 29 79 62 36 73 81 93 72 35 74 69 83 16 10 76 32 91 33 96 55 49 7 78 15 27 67 4 44 84 23 2 75 22 88 51 66 63 1 41 5 71 13 61 19 56 50 95 86 87 60 28 45 59 21 98 17 6 53
TEST 53 ARG:65 18 12 49 20 13 78 3 99 87 29 63 79 45 85 92 37 69 24 25 42 53 1 68 28 40 98 55 58 2 93 51 11 8 50 30 95 47 73 71 4 72 62 38 91 83 7 82 9 56 31 27 66 39 22 33 90 77 67 41 89 36 94 80 74 6 21 52 97 14 34 46 16 60 76 96 75 17 5 44 43 48 70 35 0 86 54 23 59 61 15 32 26 81 88 84 57 10 64 19
TEST 54 ARG:86 15 26 29 60 39 74 44 76 83 1 98 75 19 90 92 36 2 17 89 28 88 22 47 70 41 7 10 43 33 27 73 77 82 55 87 21 46 14 24 20 23 42 3 57 99 12 35 38 63 37 81 91 6 45 85 0 50 71 31 48 67 69 58 79 34 93 8 54 30 53 78 95 64 52 56 62 13 32 65 18 84 11 61 51 80 9 40 72 94 59 25 68 97 49 66 5 96 16 4
TEST 55 ARG:98 32 24 30 92 43 95 81 46 11 78 50 62 2 70 86 19 38 85 44 12 7 82 75 28 35 63 94 6 89 42 27 10 23 79 83 20 68 64 37 0 97 3 31 25 17 40 77 58 69 65 67 1 54 15 71 39 91 55 4 33 48 96 41 99 13 87 61 72 47 90 21 18 73 36 53 29 66 76 45 16 14 22 52 60 26 34 80 59 49 9 51 56 84 93 8 57 74 88 5
TEST 56 ARG:80 85 78 81 84 73 36 55 82 48 91 45 40 38 5 99 35 25 58 92 2 97 32 30 49 52 41 19 89 22 71 28 93 88 70 4 64 33 20 44 98 75 47 77 56 3 9 6 13 87 26 95 23 1 72 76 94 24 8 10 86 54 17 43 79 21 60 83 34 0 53 66 12 18 90 59 29 51 61 46 37 31 57 65 11 42 96 27 14 39 74 50 69 63 67 62 7 16 68 15
TEST 57 ARG:13 12 61 59 96 92 55 78 77 58 90 80 11 7 94 20 41 43 18 38 23 16 93 86 73 17 88 0 14 4 27 1 71 49 54 83 99 46 33 47 10 9 48 65 29 75 3 50 70 45 63 28 25 62 76 74 57 21 36 89 68 69 64 31 52 98 72 37 39 84 32 51 35 2 6 91 87 8 34 67 85 24 5 82 95 66 81 42 26 22 97 44 53 15 79 56 30 60 19 40
TEST 58 ARG:60 20 10 49 23 33 27 53 28 29 79 73 55 16 65 59 0 3 70 90 61 63 93 92 75 89 77 25 56 82 51 46 9 57 47 19 40 24 64 98 68 72 83 44 11 21 18 37 66 8 22 30 42 48 71 95 50 38 52 76 35 15 13 32 94 17 12 84 34 1 26 87 91 45 99 5 96 81 31 6 78 74 43 80 69 54 7 85 62 67 41 58 88 36 2 14 86 39 4 97
TEST 59 ARG:41 71 48 96 76 63 7 69 6 47 44 21 27 86 32 45 9 22 37 11 58 52 24 8 60 19 46 75 2 5 80 38 90 94 59 68 99 55 49 34 40 14 82 97 56 15 87 50 12 29 43 78 17 30 83 89 23 57 81 18 64 4 42 85 35 95 79 74 1 28 77 91 13 61 92 26 70 88 51 73 53 54 36 10 31 84 62 33 20 16 65 3 93 67 66 0 39 25 98 72
TEST 60 ARG:74 72 16 9 13 47 10 97 6 15 79 67 95 63 7 73 59 56 34 52 30 88 3 55 80 21 31 28 78 35 32 36 77 1 81 40 25 37 2 41 14 42 90 92 54 87 8 53 4 61 38 43 91 69 86 23 26 57 20 27 84 94 5 49 89 44 17 62 58 18 70 60 24 66 99 82 98 12 64 46 71 22 11 51 68 65 76 19 39 85 0 33 75 48 50 96 29 93 83 45
TEST 61 ARG:75 26 50 27 87 58 49 40 33 48 12 46 17 43 67 59 0 4 2 3 20 39 30 62 51 82 37 57 72 78 71 68 65 44 11 81 90 45 96 52 73 99 86 98 36 10 21 29 79 8 64 16 23 35 55 7 25 56 24 14 95 42 28 47 85 13 5 38 1 92 66 18 76 69 89 61 54 94 74 32 6 15 93 41 91 53 77 83 97 84 19 34 63 88 70 80 22 31 9 60
